#  0   1   2   3   4   5   6   7   8   9   a   b   c   d   e   f
 000 000 000 000 000 000 000 000 000 000 000 000 000 000 000 000
 000 000 000 000 000 000 000 000 000 000 000 000 000 000 000 000
 000 000 000 000 000 000 000 000 000 000 000 000 000 000 000 000
 000 000 000 000 000 000 000 000 000 000 000 000 000 000 000 000
 000 000 000 000 000 000 000 000 000 000 000 000 000 000 000 000
 000 000 000 000 000 000 000 000 000 000 000 000 000 000 000 000
 000 000 000 000 000 000 000 000 000 000 000 000 000 000 000 000
 144 244 105 144 341 144 145 143 144 144 144 244 143 144 341 144
 184 185 1c3 1c4 381 1c4 1c5 183 184 184 184 185 1c3 1c4 381 1c4
 1c4 1c5 1c3 1c4 1c4 1c4 1c5 1c3 1c4 1c4 1c4 1c5 1c3 1c4 1c4 1c4
 204 205 203 204 3c1 204 205 203 204 204 204 205 203 204 204 204
 4c5 4c5 4c5 4c5 4c5 4c5 4c5 4c5 4c5 4c5 4c5 4c5 4c5 4c5 4c5 4c5
