#  0   1   2   3   4   5   6   7   8   9   a   b   c   d   e   f
 000 000 000 000 000 000 000 000 000 000 000 000 000 000 000 000
 000 000 000 000 000 000 000 000 000 000 000 000 000 000 000 000
 000 000 000 000 000 000 000 000 000 000 000 000 000 000 000 000
 000 000 000 000 000 000 000 000 000 000 000 000 000 000 000 000
 000 000 000 000 000 000 000 000 000 000 000 000 000 000 000 000
 000 000 000 000 000 000 000 000 000 000 000 000 000 000 000 000
 000 000 000 000 000 000 000 000 000 000 000 000 000 000 000 000
 000 000 000 000 000 000 000 000 000 000 000 000 000 000 000 000
 000 000 000 000 000 000 000 000 000 000 000 000 000 000 000 000
 000 000 000 000 000 000 000 000 000 5f2 000 000 000 000 000 000
 000 000 000 000 000 000 000 000 000 632 000 000 000 000 000 000
 000 000 000 000 000 000 000 000 000 000 000 000 000 000 000 000
