#  0   1   2   3   4   5   6   7   8   9   a   b   c   d   e   f
 000 000 000 000 000 000 000 000 000 000 000 000 000 000 000 000
 000 000 020 021 022 000 000 000 000 000 000 000 000 000 000 000
 000 000 060 000 062 000 000 000 000 020 021 021 021 022 000 000
 000 000 0a0 0a1 0a2 000 000 000 000 060 000 000 000 062 000 000
 000 000 000 000 000 000 000 000 000 060 000 000 000 062 000 000
 000 000 000 020 021 021 022 000 000 060 000 000 000 062 000 000
 000 000 000 060 000 000 062 000 000 0a0 0a1 0a1 0a1 0a2 000 000
 000 000 000 0a0 0a1 0a1 0a2 000 000 000 000 000 000 000 000 000
 000 77a 6be 6be 77c 000 5ff 000 000 000 6b8 000 5fe 000 5ff 000
 000 7ba 6fe 6fe 7bc 000 63f 000 5f3 000 6f8 000 63e 000 63f 000
 000 7fa 73e 73e 7fc 000 67f 000 633 000 738 000 67e 000 67f 000
 000 000 000 000 000 000 000 000 000 000 000 000 000 000 000 000
